28.003	22.427	21.424	19.949	21.002	21.495	24.379	25.999	26.663	27.879	28.003	27.829	27.55	27.202	26.924	26.363	27.854	33.01	33.399	32.999	32.746	31.255	29.004	26.503
24.426	22.503	21.507	21.506	23.009	23.005	24.428	26.219	27.505	30.256	30.494	30.491	28.927	28.315	27.927	28.007	32.176	48.987	51.367	48.218	39.589	32.998	30.997	26.915
26.106	24.999	25.109	25.572	27.53	34.492	32.003	39.928	41.994	43.945	45.001	45.007	44.056	43.926	41.999	39.921	43.966	50.17	50.226	43.688	37.996	34.732	39.998	33.832
27.368	26.499	26.408	26.118	27.259	30.008	32.842	36.008	37.006	36.11	35.674	35.671	34.692	33.996	33.008	30.499	35.671	42.108	42.655	37.002	35.925	33.007	35	30.054
28.411	26.503	26.5	26.497	27.943	30.75	30.495	32.924	32.606	31.959	31.503	31.927	31.002	30.499	30.493	30.164	31.895	38.897	39.219	35.008	34.504	31.683	31.991	28.997
26.494	25.504	25.259	25.258	26.503	29.343	31.481	32.506	31.5	31.785	31.213	30.999	30.499	30.49	30.001	28.995	30.491	36.923	37.226	34.994	33.052	31.262	30.09	27.997
28.005	27.002	27.504	27.504	28.791	32.541	38.52	39.211	40.762	41.634	39.315	39.01	38.212	36.996	33.828	33.01	33.006	39.538	40.002	38.002	37	35.004	33.665	30.001
29.501	28.792	28.772	28.407	28.794	30.008	30	31.481	34.993	32.007	34.059	32.009	31.002	30.494	29.84	29.07	30.494	39.066	39.996	37.069	35.883	33.577	31.929	29.903
28.79	27.143	26.648	26.641	26.642	26.991	26.996	28.124	30.495	30.504	30.503	30.497	30.491	28.505	28.413	28.417	31.008	42.369	44.467	43.369	39.097	35.005	30.008	28.792
28.761	28.148	28.508	28.508	28.769	34.894	38.786	40.012	38.863	38.672	36.004	35.992	35.007	33.88	32.005	31.501	33.809	41.002	41.961	39.969	39.893	35.639	34	30.335
26.504	25.508	25.506	25.507	27.007	30.004	34.932	35.993	35.552	35.632	33.754	33.196	32.007	31.874	30.504	30.487	32.107	37.508	39.056	35.992	34.001	32.007	31.272	28
26.994	26.205	26.015	26.017	27.507	30.437	37.428	38.633	38.285	38.506	38.458	35.58	35.001	33.051	32.006	31.034	35.891	42.95	44.951	40.799	38.614	34.059	31.282	28.742
26.992	25.846	25.718	25.752	26.991	29.008	36.014	38.002	39.301	36.695	36.247	36.02	33.241	32.008	31.506	31.202	35.086	41.691	44.048	39.08	36.337	31.997	30.005	28.125
26.753	26.05	25.552	25.55	26.993	28.747	33.11	35.371	36.005	41.428	38.185	32.51	31.997	30.5	30.493	30.37	30.498	40	41.656	37.999	33.755	30.499	29.835	27.993
26.502	25.002	25.003	25	25.055	26.496	27.167	28.01	28.72	29.161	29.99	29.041	28.281	27.318	27.183	27	27.997	31.501	32.506	30.953	30.492	28.527	27.556	26.005
25.157	24.372	23.297	21.558	23.004	24.153	25.051	26.997	27.67	28.247	28.242	28.543	28.788	28.246	27.801	28.098	28.977	37.006	38.006	36.007	33.001	31.505	26.883	25.154
25.753	24.752	24.751	24.751	26.745	28.242	33.861	39.862	36.477	39.006	34.02	33.502	32.008	31.497	31.843	31.507	33.002	44.994	41.1	38.888	33.792	31.789	28.249	27.048
24.952	23.735	23.732	22.524	25.002	27.043	31.629	34.255	33.502	35.653	32.501	31.63	31.249	31.113	30.983	30.706	31.965	39.258	39.254	36.76	33	30.64	27.867	26.82
23.999	23.006	22.923	22.447	23.995	27.994	32.347	34.995	36.798	40.861	40.932	40.86	39.012	36.279	33.577	32.531	38.982	40.318	39.007	36.513	34.007	32.002	28.323	26.893
23.903	23.552	22.059	21.993	24.186	27.491	30.756	32.993	31.998	32.812	33.157	33.245	33.744	33.051	31.759	31.004	31.507	37.202	35.998	33.059	33	30.706	27.993	25.996
23.006	22.736	21.396	20.133	21.993	26.258	29.998	31.891	30.993	30.995	30.34	29.906	29.602	29.906	28.995	28.925	29.002	33.009	33.002	31.004	30.503	29.505	27.25	25
24.057	23.68	23.057	23.009	23.058	25.502	26.496	28.343	28.996	29.172	29.304	29.172	28.497	28.47	26.5	26.498	27.26	32.36	32.506	30.005	30.002	29.003	26.494	24.837
24.259	23.058	22.995	21.755	23.054	23.496	24.995	27.157	28.271	29	29.178	29.008	28.494	27.508	27.41	27.402	28.503	32.745	34.995	32.721	30.831	29.494	25.058	24.474
24.305	23.255	23.004	23.506	24.908	26.997	31.494	31.992	33.449	32.327	31.994	31.999	32.283	32.042	31.162	29.944	33.004	37.002	37.995	35.808	35.551	31.997	28.175	26.005
24.998	23.996	23.258	23.752	25.049	26.993	31.854	34.992	33.506	31.995	31.286	30.999	31.222	31.007	30.241	30.503	33.009	39.103	39.096	37.507	34.613	31.592	26.999	26.056
23.51	22.501	20.997	19.695	20.996	25.505	30.996	34.496	32.211	30.297	30.002	29.801	29.505	29.499	29.305	28.846	31.108	37.998	39.106	35.804	32.009	29.498	26.411	24.91
24.015	22.804	22.256	22.756	24.172	26.995	35.243	42.144	42.145	42.146	42.146	40.863	40.222	40.021	40.034	38.721	43.706	54.886	56.825	47.224	41.627	37.347	28.994	25.826
24.442	22.806	22.401	22.506	23.993	26.501	32.572	34.92	33.796	33.391	33.508	32.395	32.243	31.26	30.658	30.259	31	34.181	35.993	35.102	32.591	31.47	28.991	26.019
27.221	26.049	25.996	24.994	24.972	25.51	29.25	29.839	29.994	29.997	29.994	29.755	29.231	28.923	28.004	28.004	28.507	31.158	32.387	31.407	30.252	29.992	28.992	26.213
26.988	25.846	25.058	25.05	25.054	25.461	28.007	28.646	29.554	30.294	30.008	29.503	29.084	29.165	28.528	28.753	29.993	35.229	36.004	36.007	34.493	31.484	27.99	26.338
25.059	24.757	24.751	24.901	25.056	27.05	34.021	35.008	33.888	33.586	33.368	31.834	31.992	31.991	31.454	31.997	36.061	38.992	39.233	38.998	38.845	33.523	28.992	27.317
25.996	24.009	24.002	24.003	25.054	28.01	34.683	36.313	35.367	34.494	33.641	32.229	32.226	32.225	31.932	30.996	33.005	36.243	36.618	36.24	34.763	32.006	28.236	26.509
26.057	25.736	25.76	25.791	26.56	27.833	35.007	35.588	34.755	34.834	34.999	33.634	33.506	33.003	32.005	32.006	34.508	36.427	39.035	38.008	35.539	33.114	29.254	27.01
26.915	26.757	26.753	26.756	27.504	28.807	34.81	34.006	33.142	32.997	32.773	31.865	31.626	31.328	30.927	30.786	32.26	34.992	36.021	34.503	34.006	33.109	29.336	28.305
27.504	26.769	26.757	26.756	27.003	29.438	35.79	36.05	35.146	34.495	34.869	34.008	33.9	32.824	32.426	31.878	32.858	35.998	37.119	34.992	34.349	33.513	29.996	29.415
28.743	27.758	27.553	27.509	27.553	27.55	29.921	29.993	30.403	30.406	31.06	30.364	29.991	29.925	29.421	29.22	29.922	32.994	34.005	32.203	31.992	30.902	29.893	28.059
26.0075	27.505	27.251	27.014	27.006	27.29	29.325	29.557	29.822	29.898	29.992	29.991	29.828	29.821	29.334	29.324	29.995	34.503	36.096	35.61	33.758	30.608	28.559	27.38
27.001	26.758	26.756	26.76	27.26	28.86	33.029	33.353	32.786	33.069	33.513	33.754	33.63	33.359	32.922	32.368	32.975	34.252	35.533	34.001	33.359	32.992	29.994	29.496
26.753	26.64	25.243	25.754	26.753	28.04	31.285	30.303	30.244	30.244	30.249	30.249	30.245	30.241	29.996	29.993	30.241	31.81	33.488	31.517	31.091	30.25	29.606	27.993
26.759	26.252	24.999	24.996	26.758	28.742	32.847	32.523	33.224	31.925	31.786	31.727	31.727	31.783	31.727	31.723	31.727	33.481	35.703	33.098	32.633	31.565	28.747	28.52
26.17	26.204	25.256	25.257	26.16	28.557	32.175	33.349	33.995	33.294	32.789	32.427	32.522	32.456	32.096	31.714	31	34.299	36.383	33.492	32.641	31.421	29.041	28.007
27.751	27.256	26.255	26.256	26.641	28.747	32.485	34.099	33.603	31.337	32.416	31.689	30.903	31.843	31.243	30.675	30.495	32.355	34.003	31.53	32.176	31.501	29.223	28.552
29.056	28.727	27.998	27.976	27.93	28.553	29.231	29.738	30.009	30.007	30.494	30.004	29.538	28.898	28.75	27.997	28.742	30.238	31.86	30.497	30.518	30.49	29.555	28.747
29.051	27.616	27.281	27.302	27.154	27.773	30.741	30.744	31.123	31.82	32.007	32.12	32.006	31.823	31.473	31.589	32.26	34.168	36.007	35.992	34.12	33.496	30.92	29.99
28.991	27.815	26.995	27.801	28.553	30.987	33.387	34.069	35.299	33.759	35.166	34.983	34.501	34.612	33.753	33.356	33.596	37.859	39.372	35.528	34.93	33.591	31.972	29.242
28.56	27.26	26.995	27.374	27.592	30.022	34.676	34.438	35.991	36.185	36.002	35.187	34.997	34.831	34.004	34.003	33.97	36.719	40.006	36.637	34.538	33.759	31.007	29.051
26.426	25.814	24.692	25.227	26.008	28.559	31.867	32.996	33.373	34.413	34.02	33.581	32.676	32.038	31.649	31.116	31.526	34.258	36.613	35.003	34.809	31.622	29.997	28.993
26.555	25.744	24.997	25.906	26.769	28.516	32.532	33.354	33.558	34.396	34.647	34.595	33.632	33.212	33.012	32.612	32.017	34.214	36.951	35.419	35.12	32.257	30.982	28.174
27.91	25.556	25.298	25.554	27.493	29.497	33.753	35.003	35.003	34.093	34.345	34.145	33.758	33.366	32.706	31.996	31.992	33.494	36.504	34.18	34.473	33.28	30.981	28.401
27.445	26.972	25.993	25.985	25	26.495	28.148	28.46	29.708	29.758	29.996	29.991	29.376	28.307	27.225	26.407	26.451	30.383	31.994	30.897	29.657	30.42	28.318	26.533
25.074	23.964	22.19	22.419	22.828	24.769	29.493	29.495	29.499	29.498	29.999	30.054	29.998	29.498	29.492	28.692	29.138	30.997	32.384	32.219	31.998	30.993	27.982	24.226
23.983	21.755	21.039	21.532	22.563	25.723	29.958	30.284	31.24	30.25	31.282	30.808	29.989	29.986	29.981	28.866	29.13	30.699	33.041	31.245	31.221	30.938	29.495	25.538
24.992	21.976	21.134	21.532	23.317	28.158	31.994	32.88	32.74	31.983	32.409	31.99	30.872	30.723	29.981	29.678	29.991	32.5	33.207	31.998	31.938	31.244	29.407	25.997
24.042	20.667	20.016	20.017	21.918	27.852	30.303	30.269	30.916	31.027	30.996	30.522	30.369	30.06	30.237	29.535	29.498	30.887	32.761	31.393	30.883	29.994	27.63	24.995
24.755	20.66	19.962	20.011	22.308	28.414	30.489	31.5	31.037	30.755	31.399	31.001	29.991	29.918	29.302	28.997	29.262	32.095	33.579	32.481	30.881	29.995	28.772	27.507
25.258	23.102	20.792	20.552	23.65	27.634	30.935	31.996	31.827	30.976	31.312	30.548	30.77	30.547	29.6	29.102	29.147	30.884	31.993	30.824	29.496	29.751	28.488	26.993
26.783	25.503	24.919	24.769	24.502	25.508	27.942	27.765	27.993	27.942	27.749	27.52	27.562	26.994	25.982	25.086	25.984	27.95	29.491	28.507	27.995	27.757	26.421	23.992
23.503	23.223	21.467	21.399	22.094	23.063	24.501	26.99	28.009	28.008	28.273	28.502	28.504	28.01	28.003	27.992	28.042	31.008	32.667	31.702	30.89	29.988	24.996	24.157
23.509	22.322	21.477	22.298	23.507	25.002	29.934	30.847	30.287	29.993	30.618	30.152	30.774	31.01	30.595	29.936	29.937	34.116	35.691	32.892	31.997	29.937	29.005	26.019
24.508	23.504	23.047	23.507	24.587	28.741	31.549	32.241	31.716	32.248	31.767	32.072	29.995	29.992	29.741	29.35	29.496	32.063	33.992	33.045	31.629	29.749	27.836	24.991
22.459	21.107	20.309	21.363	23.141	28.421	31.405	32.216	31.668	31.551	30.858	30.734	30.311	30.278	29.599	29.185	29.69	31.493	33.498	32.49	32.482	31.921	28.893	25.988
23.622	20.439	19	19.655	20.712	25.998	30.678	31.067	30.344	30.231	30.713	30.252	29.758	29.257	29.251	28.816	29.257	30.987	32.636	31.862	30.931	30.132	27.189	23.996
23.508	21.233	19.362	19.991	22.831	26.236	29.207	30.55	29.714	29.617	29.609	29.087	29.102	28.993	28.333	28.001	28.25	29.788	31.985	31.252	30.414	30.003	28.995	26.276
23.581	21	18.996	19.336	22.014	24.505	25.795	27.468	28	27.909	28.09	28.01	27.99	27.502	26.741	25.792	25.798	27.999	30.336	29.784	28.354	27.886	25.998	23.7
21.934	18.993	17.444	17.271	17.798	19.695	23.502	24.502	25.995	27.003	27.253	27.26	27.252	27.004	27.001	27	27.358	28.699	32.971	32.406	31.48	28.403	26.009	22.843
22.255	19.843	18.57	19.405	22.799	27.005	29.456	31.534	31.044	31.043	31.255	30.253	30.076	29.614	29.506	29.718	29.795	31.975	33.541	32.974	31.12	29.27	27.849	25.99
25.377	23.504	22.799	23.501	24.509	29.137	31.91	32.74	31.993	31.994	32.741	31.421	31.108	30.974	30.644	30.084	30.324	32.744	35.58	34.99	32.359	29.998	29.596	27.044
24.503	23.385	21.45	22.328	23.502	28.178	32.07	32.581	32.426	32.594	32.367	32.74	32.08	31.901	31.349	30.379	30.499	32.306	35.404	34.803	32.743	31.102	28.509	25.046
21.048	18.997	16.975	17.305	19.618	26.907	31.16	31.503	31.732	31.434	31.842	29.686	29.389	29.26	29.25	28.991	29.255	32.005	34.242	33.332	32.554	31.311	27.928	24.798
23.087	19.993	18.873	19.967	19.978	25.996	30.195	31.057	30.505	30.717	31.045	31.253	31.117	30.514	29.729	28.66	29.254	30.23	32.744	32.743	30.553	30.241	28.505	24.992
21.988	18.163	15.319	15.095	15.843	20.062	23.506	23.996	24.886	26.219	26.664	25.995	24.923	24.386	23.997	23.991	23.992	27.366	30.001	29.994	28.753	27.194	25.807	19.536
18.919	14.725	13.994	13.998	14.995	20.993	24.793	25.017	27.041	27.503	27.752	27.506	27.508	27.502	26.833	26.531	27.5	30.859	34.484	34.401	32.287	29.755	27.252	20.074
20.861	15.001	13.997	14.275	17.873	25.577	29.154	30.63	30.279	30.004	30.674	29.808	29.807	29.805	29.507	28.99	28.599	32.002	34.489	34.045	32.007	29.01	28.915	25.498
24.503	22.996	21.711	21.325	23.501	28.994	30	30.342	30.009	29.866	30.004	29.995	29.91	30.002	29.531	28.847	28.539	30.564	35.15	34.258	31.527	29.996	29.625	24.505
24.712	23.273	19.994	19.999	23.501	27.605	30.804	33.008	31.877	31.518	32.234	32.472	32.503	32.263	32.007	30.675	30.066	33.053	35.813	34.999	32.735	31.519	30.404	26.47
24.995	23.501	19.968	19.99	23.062	26.929	29.336	30.567	30.217	30.749	31.922	31.504	31.551	31.574	31.149	30.985	30.415	30.685	35.869	35.186	33.316	31.989	30.518	26.496
24.219	22.049	19.212	19.488	23.506	28.78	30.944	32.741	31.518	31.294	32.63	31.844	31.926	32.212	31.917	31.046	30.511	31.316	36.007	35.554	33.001	32.09	30.259	25.991
25.997	23.506	20.415	19.555	22.791	24.505	24.542	25.637	26.807	32.224	33.609	33.299	32.886	32.489	31	30.28	30.492	29.018	39.496	39.497	36.998	33.048	33.285	28.014
29.756	26.502	16.598	16.006	16.005	21.147	24.014	28.099	30.075	31.255	33.053	33.056	33.058	32.007	31.503	30.725	33.056	36.961	48.106	45.726	41.846	35.683	30.831	25.998
19.619	15.067	14.467	14.995	18.541	25.643	29.23	30.421	30.098	30.428	31.503	31.003	31.009	31.007	31.392	30.216	30.283	30.706	34.568	33.919	32.375	30.339	30.277	25.473
25.5	23.23	19.779	20.728	25.507	28.997	31.222	31.991	30.954	31.178	32.198	31.657	31.658	31.703	31.705	31.006	30.509	31.221	35.743	34.717	32.908	30.858	29.755	26.519
25.995	25.507	24.039	23.953	25.896	31.228	33.462	34.458	33.418	32.454	32.99	32.459	32.176	32.625	32.408	32.119	31.992	32.752	37.127	36.003	34.001	32.657	31.221	27.975
24.855	23.215	20.127	21.184	24.798	31.914	32.702	34.245	33.613	32.803	33.486	33.465	33.255	33.56	33.888	32.654	32.11	32.492	36.742	36.005	34.847	33.185	31.361	27.421
23.707	19.411	16.4	17.223	22.274	30.614	31.995	32.812	32.466	32.155	32.996	32.498	32.144	32.572	32.121	31.953	31.007	31.624	35.743	35.743	33.013	31.409	30.991	25.799
26.592	26.661	22.896	23.03	24.991	29.393	27.747	29.992	30.195	30.939	31.569	30.984	31.251	30.726	30.505	30.005	29.596	31.335	34.498	33.48	31.61	30.942	30.951	26.717
25.794	25.791	20.681	20.762	20.8	23.846	27.201	29.311	30.088	30.595	31.258	31.863	31.71	30.991	30.738	30.617	31.234	33.004	36.61	36.465	34.805	32	29.978	25.797
23.968	20.209	19.417	19.997	26	32.417	32.266	33.67	34.005	33.665	34.004	34.035	33.82	34.334	34.004	33.631	33.66	34.001	37.764	37.542	36.008	33.657	33.462	27.417
26.967	24.994	22.35	23.288	25.792	30.008	32.319	33.701	33.697	33.498	33.509	33.33	32.607	33.184	33.432	32.3	32.367	31.669	37.519	37.545	34.007	33.109	32.777	27.477
26.377	25.997	22.244	23.28	26.073	33.143	32.9	35.818	37.412	37.417	37.415	36.837	35.326	35.037	33.759	32.571	32.857	33.3	37.633	37.896	35.733	34.061	32.968	27.994
21.884	18.993	16.992	16.999	20.542	27.742	30.386	33.404	33.053	32.642	33.675	33.503	33.507	33.26	32.765	31.547	30.839	31.14	33.584	35.347	34.605	32.543	30.417	23.995
20.463	16.992	14.985	15.215	18.009	25.8	30	31.51	31.51	31.642	32.155	31.925	32.053	32.197	31.797	31.567	30.746	29.998	32.503	33.398	32.508	32.271	31.403	28.614
27.992	23.402	21.192	20.726	22.57	25.25	26.621	28.005	29.425	30.885	31.983	31.725	31.417	31.256	31.483	30.669	29.823	31.359	33.313	34.003	32.599	30.642	30.509	25.337
25.994	20.754	19.374	17.993	18.283	19.86	26.008	29.001	29.76	30.601	31.966	32.315	32.167	31.969	32.056	31.607	30.964	31.968	34.211	36.911	35.916	33.008	31.186	27.519
27.126	23.06	20.996	19.062	22.882	28.208	31.992	34.198	33.902	35.045	36.392	36.892	37.008	37.002	36.391	35.927	34.127	34.566	36.913	38.292	38.502	35.662	34.418	29.638
25.794	22.681	17.997	17.993	21.187	26.01	32.005	33.652	33.821	33.958	34.929	35.411	35.767	36.267	34.962	34.359	33.944	33.899	35.653	37.506	37.006	35.359	33.051	26.757
25.511	23.432	19.733	18.965	24.219	27.997	32.1	33.672	33.843	33.551	35.868	36.726	36.658	36.67	34.987	34.774	33.992	34.353	34.081	37.313	37.097	35.113	33.76	26.827
24.433	22.165	18.963	18.132	21.992	25.503	31.754	33.14	33.01	33.314	34.747	34.999	35.26	36.239	35.66	35.006	34.023	34.02	34.114	36.891	35.298	34.09	32.007	26.372
22.993	20.003	16.551	16.499	19.502	25.306	32.733	33.269	33.594	33.155	34.358	34.757	34.816	35.762	35.028	35.087	34.105	33.002	32.17	35.135	34.911	34.244	32.298	27.295
22.474	20.002	15.007	15.005	17.001	21.692	25	26.001	29.007	29.702	30.606	31.267	31.004	30.147	29.007	29.383	29.003	27.999	29.002	31.759	31.597	30.256	29.709	25.01
21.709	17.501	13.052	12.153	13.765	15.991	20.987	23.009	26.503	29.006	30.256	31.103	31.886	31.002	30.608	30.81	31.25	31.734	31.998	34.247	34.233	32.605	29.509	23.503
22.003	15.794	13.509	13.761	14.948	23.002	28.548	29.993	30.257	31.772	32.506	32.067	31.907	32.758	33.304	32.102	31.723	30.259	30.822	33.695	33.088	32.056	31.507	24.251
21.016	14.084	11.605	11.764	13.75	21.005	30.501	31.125	32.25	32.171	33.189	33.648	33.974	34.247	34.244	32.987	32.249	32.249	31.916	33.502	33.511	32.25	31.244	23.758
18.009	12.009	10.952	10.951	12.169	19.507	28.404	30.377	31.003	31.572	32.018	32.242	32.046	32.243	32.241	31.715	30.505	28.805	28.752	32.753	32.787	30.937	29.511	22.752
18.505	12.996	11.002	10.859	12.008	19.706	28.198	30.892	30.998	31.986	32.244	32.246	32.24	32.249	32.245	32.078	31.229	29.842	29.263	32.25	32.919	31.983	29.419	24.286
18.943	13.988	11.208	11.057	12.201	19.705	28.44	31.004	31.01	31.004	32.322	32.16	32.169	32.446	32.447	32.265	30.668	28.929	29.498	32.107	32.644	30.646	29.011	24.259
20.5	14.344	10.454	10.255	11.01	15.992	23.753	25.255	25.999	26.755	27.576	27.758	27.426	27.504	27.504	26.948	25.997	25.593	24.993	28	28.955	26.657	26.359	20.886
18.756	13.003	9.9939	9.6143	9.9912	9.9964	15.962	16.996	24.669	25.505	26.504	27.001	26.41	26.735	26.827	26.007	26.679	26.881	26.997	30.404	31.892	29.41	25.506	18.922
13.659	10.304	9.0011	8.9955	9.9985	17.502	26.001	28.238	29.492	31.43	32.261	32.007	31.898	31.898	31.806	31.255	31.008	28.783	29.95	32.438	33.456	31.003	25.502	19.009
17.389	12.5	10.007	10.007	11.01	18	26.684	31.348	30.548	32.008	32.887	32.387	32.164	32.183	32.244	31.996	30.912	29.682	31.001	34.001	34.993	32.134	26.993	21.454
17.604	12.503	10.39	11.001	11.258	18.006	27.003	30.542	32.249	34.029	33.894	34.021	32.996	33.715	32.992	32	30.545	29.327	29.005	32.401	35.955	31.007	27.897	20.503
15.505	11.001	8.9982	8.9999	9.9972	16.509	28.453	31.628	33.082	34.46	34.006	33.742	31.998	32.935	31.997	31.215	28.999	28.008	28.205	31.004	32.894	30.543	26.147	19.502
14.79	10.751	8.984	8.981	9.9924	16.501	25.996	28.496	29.76	30.576	31.426	30.208	29.758	29.99	29.992	29.106	27.579	26.923	27.192	28.497	29.995	28.009	25.756	19.004
10.759	8.9628	7.277	7.278	7.5051	9.0032	13.302	16.461	23.07	25.997	26.503	26.723	23.767	22.997	22.993	20.579	19.999	19.996	19.006	23.008	26.376	24.006	18.943	11.002
9.9953	8.5029	7.7549	7.7507	7.2978	7.5068	10.055	13.677	21.862	22.345	23.292	23.558	21.412	20.703	20.456	23.012	23.01	24.154	24.998	32.251	33.998	29.761	23.798	11.155
8.2566	7.0072	6.7979	7.0018	7.0098	10	25.551	27.905	28.381	29.998	29.976	29.57	28.739	29.997	29.999	29.02	27.599	26.273	25.537	30	33.959	28.024	25.501	15.993
8.2084	7.4071	7.0059	7.0071	7.1027	12.125	27.582	29.892	30.371	31.998	33.048	32.525	32.165	33.798	33.667	32.922	31.515	29.896	28.003	34.37	34.995	31.005	25.998	12.006
13.403	9.2553	7.069	7.0433	8.9755	14.992	28.807	33.576	34.975	35.895	38	38.935	38.596	39.475	39.89	41.351	39.471	39.477	34.249	37.849	38	34.245	28.645	17.994
20.302	17.003	10.781	9.9985	14.995	19.049	28.959	32.991	33.18	34.244	37.535	39.989	41.671	46.89	48.895	49.427	47.044	41.505	36.597	40.88	42.089	34.496	32.004	28.375
18.002	12.144	7.8528	6.7953	8.9908	14.087	26.995	29.993	31.6	32.956	32.816	32.929	32.997	33.007	33.084	32.712	32.672	31.283	28.064	33.223	34.001	32.669	28.892	20.553
23	16.59	9.9962	9.9914	9.9934	11.993	14.09	24.229	26.249	29.422	30.85	30.344	28.226	27.995	28.269	27.18	26.555	26.43	26.42	28.699	29.995	29.789	25.994	20.726
20.006	14.128	9.9901	8.7476	8.7492	9.9933	13.999	20.105	25.006	28.107	31.945	32.85	31.555	31.891	32.585	32.948	32.215	31.392	30.759	38.018	38.102	35.197	26.758	20.502
20.801	16.078	10.502	11.019	14.99	26.194	34.981	36.932	39.159	40.003	43.366	44.101	43.798	48.259	48.275	47.514	44.555	43.504	40.006	43.691	45	37.403	33.68	26.995
26.997	20.536	14.992	13.653	14.993	23.765	33.104	35.108	37.239	38.998	44.751	46.958	50.752	53.385	54.642	54.641	54.134	45.612	40.635	45.752	51.26	39.751	32.974	27.756
29.324	28	21.555	18.019	24.184	29.164	34.453	39.993	43.799	49.272	53.12	53.116	56.171	71.918	72.808	73.143	64.721	53.116	44.994	53.118	57.447	45.032	35.058	29.994
23.344	15.611	10.212	9.9911	11.889	17.209	29.005	32.329	35.004	37.395	39.704	41.798	43.302	44.792	44.714	44.993	43.593	38.992	34.154	38.998	38.936	35.15	31.048	26.509
21.001	14.996	9.9946	9.6088	11.784	18.004	30.557	32.228	33.069	34.356	37.585	34.994	34.999	37.369	38.003	38.059	35.161	33.73	31.222	33.987	38.484	34.109	28.256	23.355
20.626	12.249	8.9149	8.5824	9.546	9.9984	13.015	22.993	26.101	29.002	30.318	29.705	29.505	29.008	29.004	28.999	29.004	28.713	27.025	29.008	30.048	29.003	25.01	18.913
17.596	12.008	8.7427	8.7405	8.8328	9.9919	13.017	16.253	23.505	27.659	30.552	28.305	27.995	27.002	26.906	26.948	27.008	27.102	27.155	31.323	37.743	32.466	28.897	23.75
21.832	13.859	9.994	9.9969	10.886	15.012	29.068	32.258	32.304	32.273	33.448	33.198	33.687	33.77	33.653	34.733	33.119	31.894	30.375	35.242	37.967	35.01	29.991	26.888
26.757	22.309	17.581	17.192	17.193	26.007	30.558	34.39	33.157	33.841	33.895	34.505	34.18	34.992	34.996	35.025	34.003	32.573	30.734	34.042	38.563	34.505	31.135	28.252
32.097	28.055	20.622	20.778	23.562	31.584	34.004	39.927	39.892	39.893	40.944	39.894	39.728	39.899	39.824	39.723	36.396	35.643	35.728	41.849	46.723	40.992	36.364	31.457
31.047	29.993	25.394	24.006	24.349	31.004	34.145	39.922	38.169	39.493	39.993	38.93	38.524	38.927	39.496	38.526	35.442	33.798	32.999	37.05	42.722	37.735	36.558	30.835
31.818	29.997	27.999	28.006	29.007	33.588	35.873	40.826	41.732	44.098	41.995	39.898	39.73	39.72	39.897	39.726	36.187	34.779	32.807	36.365	40.419	37.007	36.917	31.043
35.176	30.39	24.02	24.019	23.993	22.894	27.99	31.042	33.457	35.745	37.101	37.105	36.883	36.397	36.395	36.501	34.963	33.893	31.538	36.391	39.732	36.835	34.148	28.709
25.994	20.653	15.206	14.803	15.175	13.161	19.873	22.112	29.833	31.211	33.032	33.243	32.892	32.881	33.039	33.554	33.401	33.501	32.242	35.738	39.369	35.503	34.076	28.132
19.619	14.646	10.353	10.725	13.652	23.993	30.556	34.92	34.892	35.944	38.232	38.381	34.998	35.475	34.999	35.527	33.724	32.593	31.007	33.808	39.987	37.503	36.677	30.551
32.051	30.551	28.004	26.998	30.553	34.822	35.444	39.914	38.589	38.289	40.847	41.412	40.121	41.918	39.918	39.895	39.911	36.897	37.607	39.393	43.413	37.939	37.01	34.717
34.36	30.994	30.553	30.551	30.553	34.835	34.991	39.892	39.892	40.002	40.941	41.069	41.89	41.896	41.628	40.311	38.008	36.034	34.53	37.137	42.864	38.236	39.895	37.011
31.059	28.705	25.998	26.648	28.992	31.556	35.97	41.5	40.653	42.993	44.831	43	42.993	43	43.804	42.994	41.491	36.989	37.368	40.409	45.858	39.398	40.293	31.996
32.255	28.998	27.513	26.94	28.396	32.255	36.752	42.987	41.333	43.005	44.548	45.502	45.507	48.905	48.987	49.113	46.991	42.984	40.613	40.943	46.054	42.984	44.706	37.077
41.993	34.079	30.39	29.943	28.502	29.52	29.514	33.398	38.885	43.005	41.336	41.235	43.004	43.009	43.089	43.004	43.001	39.236	37.997	39.712	45.571	38.993	43.686	41.007
35.362	26.755	23.644	21.018	21.014	24.993	26.759	33.962	39.866	42.097	43.344	46.386	45.577	48.205	50.001	50.001	50.006	48.999	48.992	47.492	51.029	45.999	44.759	40.005
43.057	35.369	30.831	30.002	29.995	30.008	43.349	60.099	67.009	82.404	109.14	120.01	138.88	179.32	192.26	221.28	209.57	167.81	128.98	137.74	134.3	106.81	55.004	47.829
54.992	48.996	43.998	38.441	38.644	38.849	48.997	66.434	87.697	185.01	303.69	342.21	398.88	437.49	467.06	469.84	459.84	409.57	372.34	327.76	327	282.03	87.007	57.933
47.991	39.685	32.564	31.615	31.217	31.198	45.008	54.992	75.001	93.05	130.01	138.46	161.38	185.09	196.37	200	195.61	166.52	136.82	124.99	132.3	100	54.998	48.994
48.734	32.518	31.463	31.242	31.473	32.516	45.183	49.5	52.999	58.721	57.749	59.993	61.182	68.131	68.2	69.136	66.506	62.453	53.964	54.342	57.747	56.458	50.991	47.926
41.392	30.008	27.81	27.854	28.734	30.602	41.416	47.333	48.397	53.019	55.056	55.831	55.239	62.453	59.914	59.914	56.465	50.995	48.993	48.992	52.996	50.991	48.48	42.906
35.005	30.45	27.994	27.53	26.998	24.999	27.015	30.913	40.345	44.005	44.905	47.408	45.218	45.095	48.993	49.602	48.999	47.009	46.302	44.772	48.998	44.307	45.001	40.82
31.512	24.013	21.014	21.011	20.006	15.81	17.91	21.019	29.766	41.536	46.046	45.69	46.991	47.507	55.004	61.108	64.751	64.607	57.804	56.294	56.458	51.056	44.996	37.938
24.019	19.456	16.993	16.998	17.562	16.997	24.011	33.716	40.402	47.827	53.334	51.182	54.456	60.271	63.701	66.777	68.779	72.182	69.301	65.338	62.008	57.744	49.97	38.142
27.017	24.018	21.012	21.012	21.019	24.994	38.846	44.983	45.726	54.215	59.676	63.131	61.99	70.008	71.994	74.506	70.007	63.501	57.38	56.798	63.703	62.02	48.641	38.361
40.004	31.014	29.758	29	28.86	30.009	41.103	51.055	52.933	55.713	57.809	60.484	63.002	65.539	65.675	66.483	63.007	57.928	55.858	55.657	63.003	55.718	51.054	40.392
37.019	32.015	29.448	28.978	29.742	31.632	46.377	48.206	49.73	55.769	56.005	56.007	56.006	56.712	57.763	62.339	57.968	56.009	56.005	55.005	56.009	55.765	48.214	40.599
44.021	38.027	35.999	35.008	36.744	39.025	45.246	52.883	55.467	60.993	65.85	71.583	74.998	80.329	84.987	88.256	81.823	74.993	70.894	68.008	73.922	65.778	60.791	51.178
50.004	46.599	44.596	43.024	39.508	39.35	42.885	45.496	50.634	57.963	64.295	70.008	78.763	80.003	84.978	92.56	96.996	94.993	79.158	64.994	77.386	69.537	64.994	54.594
48.654	45.109	40.949	39.501	37.574	39.502	43.997	47.995	50.305	58	58.528	67.907	72.09	78.394	80.005	83.316	87.243	84.996	78.127	74.993	80.008	74.992	63.005	53.522
41.502	36.253	35.756	35.707	36.207	40.002	42.004	46.595	48.258	54.599	62.961	69.165	70.009	74.998	76.593	77.603	77	75.031	69.4	62.463	65.961	54.595	58.903	48.596
41.249	36.253	36.043	36.201	36.205	36.258	40.886	47.219	46.555	48.058	54.927	57.813	64.503	69.995	72.006	73.494	72.757	67.926	63.002	55.004	62.004	53.504	54.962	46.489
43.556	36.254	36.047	35.767	35.508	36.205	41.995	46.98	51.672	55.702	61.382	64.991	66.089	78.795	80.77	84.123	80.028	69.993	62.047	54.877	60.175	57.195	55.778	48.455
48.839	40.005	37.537	36.392	36.518	37.998	45.871	51.553	53.074	55.432	62.518	66.793	67.798	76.056	80.085	82.007	80.02	71.282	63.593	57.19	61.897	60.001	56.81	50.322
42.008	40.592	36.258	36.256	36.259	37.995	45.553	47.196	51.678	53.902	55.008	55.008	55.009	63.151	60.191	64.042	64.858	56.696	52.506	51.508	54.674	52.937	55.243	49.995
54.995	48.654	44	42.701	41.305	36.26	44.502	43.001	43.159	47.699	51.75	52.5	52.003	52.192	52.274	51.013	51.578	51.509	50.501	50.434	54.626	52.508	52.063	48.816
47.56	48.883	36.014	35.989	35.76	35.757	34.011	39.648	36.012	42.365	44.038	46.186	47.779	50.525	47.772	47.007	50.852	51.393	50.009	47.002	60.629	59.144	58.332	51.192
45.991	44.108	41.996	43.042	45.001	44.755	44.991	52.492	64.991	67.827	80.001	86.198	90.007	125.01	127.89	128.94	130	121	77.994	68.996	80.008	77.998	68.007	68.002
39.285	36.005	33	31.068	29.994	33.121	39.947	46.255	50.003	56.199	71.852	79.276	125.02	173.11	200.01	218.17	201.41	153.01	106.82	80.551	77.269	79.143	70.702	60.148
73.301	71.703	57.265	50.731	50.721	49.428	55.192	91.66	199.98	232.21	251.04	399.7	428.9	493.19	547.85	579.12	549.98	457.74	420.4	350.7	363.65	238.61	175.01	133.21
96.1	78.864	51.259	51.253	51.257	51.258	65.007	98.64	215	327.43	396.62	503.73	517.14	600	650	655.63	663.3	628.65	593.99	504.05	504.12	386.76	159.4	98.992
68.487	46.314	42.016	41.259	41.341	41.258	54.995	68.017	145	233.87	360.86	398.42	398.64	411.88	500	550	578.82	450	398.63	398.22	398.17	245.19	125.01	95.219
49.995	38.993	35.757	35.753	35.007	28.007	32	37.899	45.009	72.574	76.52	90.005	105	116.13	115	119.98	125	115	93.923	80.007	80.006	75.609	64.999	53.763
45.152	40.994	35.254	35.251	33.501	28.018	28.995	35	42.311	45.613	48.505	53.65	63.168	65.007	67.01	73.702	70.949	70.777	67.008	60.998	64.756	62.928	61.962	49.376
40.001	36.444	34.997	34.991	34.999	34.51	40.007	50.092	56.057	60.99	72	81.685	82.227	90.445	90.703	96.994	90.979	90.617	84.096	66.39	70.679	61	69.93	50.992
35.393	34.837	30.009	30.003	31.999	34.832	36.993	43.959	46.566	55.006	56.748	56.744	59.927	73.163	74.997	79.925	80.99	74.998	61.994	56.748	56.747	49.997	54.928	45.13
43.347	40.201	36.604	35.371	35.897	37.578	45.005	50.442	50.416	55.722	61.67	65.998	71.455	94.161	98.766	116.89	120.01	96.283	74.992	66.404	65	57.993	55	45.677
45.643	40.612	40.068	38.997	37.993	39.892	45.993	50.709	52.219	58.6	80.082	90.839	120	211.47	251.41	271.38	271.13	177.03	132.44	90	86.329	67.847	56.055	46.004
45.733	40.529	40.119	40.012	39.829	40.002	44.007	50.306	50.848	58.093	86.113	98.137	135.14	179.67	206.31	225.43	214.21	171.75	113.41	89.995	85.656	68.596	61	50.003
53.193	45.219	39.734	39.017	35.994	35.005	35.78	42	45.418	61.191	65.009	74.994	81.922	90.513	90.999	100	100	90.993	90.993	80.853	81.752	70.167	63.963	52.497
51.508	47.006	40.998	33.998	30.007	26.964	25.005	29.166	39.297	44.995	46.803	58.926	66.12	69.928	71.501	73.922	74.992	74.997	71.921	70.727	73.992	68.991	62.092	51.49
45.158	38.965	37.077	35.01	35.008	35.003	38.186	50.002	61.059	89.924	120.49	129.92	176.66	235.71	266.51	287.83	283.76	236.05	195.98	159.49	138.25	99.147	85.005	68.555
50.92	44.19	38.009	36.517	35.336	34.98	42.005	67.038	100.01	107.98	171.68	255.67	363.08	500	600	650	640.63	523.8	397.09	272.71	226.66	142.02	105.94	71.443
73.571	56.424	52.973	50.79	54.241	75.003	74.998	112.14	138.3	215.52	266.35	360.01	684.76	749.99	749.99	749.99	749.99	749.99	628.27	510.46	328.21	191.27	105.95	85.551
74.927	58.084	54.521	52.252	52.33	67.175	67.077	119.99	174.17	250	358.39	636.97	749.99	749.99	749.99	750	750	749.99	749.99	627.37	413.17	259.2	130.39	103.52
80.973	55.656	52.917	51.904	51.505	59.908	65.469	101.22	119.99	174.98	292.64	567.79	709.01	749.99	749.99	749.99	749.99	697.92	666.9	449.99	350	265	104.46	82.054
74.003	48.355	42.498	41.549	40.528	36.006	35.299	40.409	44.316	58.315	88.001	96.171	100	100.01	109.11	109.99	113.78	100.15	99.46	59.503	80.582	74.998	83.117	75.007
63.503	47.542	44.8	45.006	43.224	24.538	29.015	39.731	43.153	46.845	64.623	65.007	62.725	65.006	69.992	70.005	71.504	70.009	69.993	63.729	65.005	69.993	60.886	50.99
42.004	42.002	41.691	41.865	42.002	42.005	43.006	60	65.003	66.51	77.997	84.999	95.137	122.83	121.5	126.47	125.7	115.54	84.999	67.117	84.993	72.268	63.532	58.009
44.27	39.596	34.006	26.017	34.118	29.991	17.917	20.53	40.007	42.009	43.219	43.768	43.037	43.28	42.994	44.999	45.239	43.16	42	40.001	44.998	43.985	42.01	38.651
32.993	27.943	22.683	25.007	30.702	29.405	32.382	40.006	44.272	44.274	44.995	45.663	53.283	67.992	67.991	67.996	67.991	45.813	45.007	43.008	45.462	43.004	44.994	42.745
26.996	26.006	24.001	24.753	25.503	25.011	30.003	36.004	40.006	41.513	43.007	43.719	45.446	48.734	55.001	62.019	60.003	46.003	43.009	42.449	44.929	42.793	40.004	38.007
40.006	35.219	32.012	28.216	28.215	29.996	32.913	40.907	41.958	44.993	60.981	64.995	65.006	74.383	79.564	84.991	80.015	65.001	50.17	45.001	50.169	53.003	53.891	42.002
43.513	35.655	32.016	30.206	30.001	26.003	19.497	23.855	37.79	40.007	44.002	44.755	47.381	44.997	44.992	50.003	53.013	43.995	42.76	42.007	44.008	44.254	44.991	39.594
43.008	41.163	37.026	35.008	32.018	30.006	20.994	32.011	38.298	39.622	40.953	43.501	44.12	41.747	41.891	47.951	51.501	44.995	49.193	41.956	49.006	46.779	40.398	32.014
42.938	40.644	37.012	36.113	35.595	37.011	32.008	38.365	42.353	41.769	44.993	49.599	63.064	64.999	74.993	81.752	77.756	64.995	50.259	47.952	48.008	45.009	63.501	50.006
59.992	46.233	42.392	41.392	42.591	45.003	42.558	44.785	54.998	60.007	63.757	64.997	74.999	84.969	89.992	102.29	99.993	84.991	61.506	56.676	60.012	60.014	64.994	59.624
53.956	46.658	43.9	43.466	43.313	43.438	43.579	45.004	52.001	58.001	59.666	60.824	64.999	65.009	74.994	84.488	84.481	65.001	60.009	59.687	62	61.503	64.997	61.763
55.144	47.007	44.997	42.859	43.643	44.118	44.758	45.708	48.958	55.957	58.454	59.455	62.759	64.992	73.455	79.959	79.954	64.955	62.002	59.759	62.755	61.011	62.754	53.416
55.145	46.515	45.001	44.512	44.51	44.993	44.232	45.001	49.004	58.003	59.007	60.223	64.001	74.99	80.488	84.997	84.995	65.007	64.994	60.504	70.98	61.01	64.991	59.501
66.128	51.513	50	49.511	48.439	49.511	28.68	40.01	45.005	55.004	62.009	66.993	71.992	71.999	77.662	79.996	80	74.992	74.745	61.007	72	66.999	70.131	60.957
69.5	54.351	50.006	49.513	47.009	46.801	32.023	43.242	48.93	53.127	61.008	65.001	68.933	72.712	79.995	79.995	80.799	86.491	90.749	79.993	87.989	74.998	72.005	64.996
62.129	49.52	49.032	49.3	49.512	51.807	42.242	49.516	54.253	69.929	82.534	98.69	99.994	139.67	129.99	135.82	130	101.14	94.253	79.292	90.868	72.014	70.003	61.006
65.005	54.52	50.725	49.128	49.999	51.248	40.471	47.741	48.99	61.009	73.995	83.999	88.161	105.3	115.43	122.55	117	95.996	76.994	69.994	73.794	62.995	66.992	65.003
59.932	49.932	44.276	42.995	43.711	47.999	41.515	46.195	60.005	59.935	73.689	86.645	100.01	124.99	143.71	156.66	148.6	144.97	97.741	72.694	76.482	64.722	62.211	60.759
65.503	57.459	54.999	54.305	55.001	59.224	59.221	74.992	87.115	97.746	148.88	229.76	297.25	449.9	371.32	389.84	393.33	499.99	341.04	249	213	124.43	74.144	71.003
65.008	54.928	50.316	49.992	51.458	54.502	46.445	67.997	78.399	89.893	121.51	184.99	303	440.09	449.79	473.92	469.85	417.75	350	220.01	164.75	97.975	85.991	79.575
60.965	52.794	49.002	48.507	49.025	44.473	33.257	43.003	62.212	81.512	95.749	113.04	139.26	175.18	196.44	212.24	227.4	201.37	146.12	116.91	103.97	93.995	77.69	70.005
65.397	51.999	50.007	49.992	49.113	45.009	40.008	47.502	61	75.002	79.276	100	134	156.85	177.42	184.71	199.9	194.29	151	141.62	122.22	99.993	77.188	62.508
68.008	55.004	54.996	53.735	54.113	60.421	40.25	47.51	75	128.05	187.94	271.09	361.61	433.41	482.6	490.26	492.73	421.89	324.72	293.8	236.5	161.82	91.999	82.454
69.958	56.001	56.351	54.976	55.115	63.477	51.503	60.01	77.961	126.08	192.51	299.77	404.71	477.85	499.31	499.99	499.99	486.02	425.32	349.99	273.32	148.65	98.602	87.456
67.004	56.237	55.005	54.997	55.004	65.478	55.253	70.005	84.099	110.01	149.77	247.41	335.8	437.85	423.86	461.82	451.1	337.09	250	250	215.14	115.99	79.869	75.007
65.007	55.003	53.009	52.282	53.886	64.634	55.506	69.994	81.103	105.01	135.04	199.17	316.9	399.85	389.4	429.86	422.17	323.81	226.58	199.99	154.27	107.73	79.174	71.019
65.001	54.884	52.367	51.372	52.404	62.01	56.504	75.009	86.712	113.44	154.72	200	300.01	412.36	420.21	450.51	447.42	382.89	250	189.61	150.66	108.49	77.74	70.004
66.004	55.88	53.885	52.371	52.253	52.943	42.568	44.997	69.998	100.01	130.21	188.01	230.02	282.39	314.38	358.91	382.53	323.01	243.55	224.67	190.74	121.1	85.109	70.529
75.001	65.002	55.007	49.183	45.2	42.674	40.925	45.46	83.724	119.89	153.64	351.66	362.08	372.3	382.8	390.09	396.93	385.53	373.24	367.53	363.76	158.8	96.401	80.237
80.516	75.002	67.005	67.008	69.996	80.035	80.001	83.063	87.506	123.99	300	499.66	499.71	499.78	499.82	499.85	499.85	499.82	499.71	499.64	421	176.54	90.007	89.134
90.126	85.006	83.703	81.981	83.291	87.49	82.965	85.79	91.395	140.18	349.88	499.79	499.8	499.91	499.94	499.96	499.96	499.93	499.85	499.78	489.88	240.01	119.11	134.1
99.913	96.906	95.427	96.285	97.947	100	97.434	104.99	141.4	200	437.28	499.82	499.83	499.93	499.97	499.98	499.98	499.97	499.86	499.8	499.25	301.11	140	150
91.668	85.434	80.916	80.731	80.689	89.481	80.804	86.244	104.12	189.9	306.85	499.99	499.99	499.99	499.99	499.99	499.99	499.99	499.99	487.21	440.77	254.58	109.49	109.48
87.493	82.23	80.56	80.39	80.657	87.073	80.782	89.092	98.989	154	203.99	424.48	468.57	480.01	499.99	499.99	499.99	474.99	418.93	323	266.29	150.01	99.996	94.483
91.811	84.486	84.677	83.299	79.413	74.065	65.021	70.135	76.828	125.1	164.7	244.55	265.68	263.38	293.15	296.15	274.12	246.29	219.86	199.99	179.76	145.96	95.398	90.006
73.642	60.001	56.435	59.788	55.549	50.064	42.309	44.669	63.781	93.224	122.73	172.88	222.65	235.78	251.74	255.57	242.68	221.07	210.82	198.44	191.38	154.18	98.487	75.008
56.925	53.94	52.118	51.823	53.092	54.455	51.913	70.555	101.02	131.11	175.48	242.01	249.97	249.95	249.99	249.99	249.99	249.89	243.41	239.65	204.11	145.8	99.782	90.003
58.157	53.814	51.783	51.858	53.497	57.444	56.189	66.995	104.58	125	153.99	232.14	239.73	247.57	249.99	249.99	249.99	244.14	235.22	228.38	200	125	97.097	90.001
57.944	54.651	51.941	50.946	51.943	57.002	52.221	60.001	69.999	93.914	110.32	207.66	200.06	226.97	237.71	236.71	231.57	198.31	179	195.56	146.47	89.398	80.002	73.713
54.943	53.151	51.319	50.445	51.476	55.086	49.996	56.072	58.732	61.458	70.735	128.75	137.82	175.02	189.88	189.89	189.78	156.78	137.02	121.24	100.01	70.814	79.888	71.174
66.157	61.231	57.653	54.324	56.486	62.117	64.993	72.01	89.154	100.01	123.99	174.99	229.8	243.1	249.99	249.99	249.99	237.83	214.33	174.99	158.08	115	87.199	77.753
77.741	69.07	62.995	59.942	64.991	59.992	58.657	60.01	75.593	103.43	114	116.33	197.83	199.99	200	212.05	222.86	200	171.06	125.12	157.43	143.13	86.171	75.093
81.77	71.336	61.863	56.19	54.995	52.513	45.665	49.99	60.002	91.352	112.86	104.47	152.09	170.24	183.89	199.99	200	200	173.73	135.34	155.53	148.32	95.004	75.003
66.237	56.841	50.328	50.002	53.738	61.95	65.005	78.896	74.996	115	150	221.62	249.98	249.99	249.99	249.99	249.99	249.99	248.65	225.65	219.25	133.15	94.704	83.004
80.009	70.972	60.529	58.656	63.802	79.295	63.868	71.579	75.952	106.85	149.99	200	230.92	246.84	249.86	249.99	249.99	249.07	245.07	213.34	200	123.58	101.26	96.826
91.881	80.006	67.526	61.008	67.623	82.541	83.05	98.003	121.23	148.78	199.99	238.75	247.75	249.99	249.99	249.99	249.99	249.41	245.61	249.99	234.32	152.08	110.01	97.999
101.18	93.004	75.773	70.993	75.416	90.001	85.001	76.631	111.86	129.78	193.13	219.79	245.23	236.96	247.16	248	248	246.93	238.25	218.89	202.44	149.99	115.01	95.009
95.001	78.594	74.307	70.044	73.953	86.388	76.888	82.138	97.999	125	150	193.35	225.76	238.01	241.26	247.99	247.99	231.89	232.78	199.42	200.02	148.43	115.69	100.01
100.25	86.818	81.019	78.598	81.523	80.007	54.993	57.781	69.991	99.014	115	127.76	168	171.79	182.72	190.46	195.43	185.98	153.33	114	134.45	111.12	111.73	105.19
100.01	87.667	78.218	80.099	80.098	65.006	52.227	47.433	65.952	92.443	118.38	111.27	145.65	152.09	155.78	160.63	172.91	152.61	143.75	125.55	150	125.49	116.73	93.56
87.735	75.009	69.091	66.877	74.743	90.002	75.01	95.96	100.95	125.01	170.01	208.73	232.13	248	249.33	249.99	249.46	247.99	231.77	205.01	205	150	107.47	92.993
110.48	105.01	104.1	103.86	105	110	104.04	125.01	135	160	220	232.99	239.97	249	249.99	249.99	249.99	248	239.97	230.01	230.01	190	135.13	115.01
130.49	115.01	108.59	110	115	135.73	170	175.01	195.01	225	248.47	249.99	249.99	249.99	249.99	249.99	249.99	249.99	249.99	249.99	246.64	199.99	139.76	130.01
135.97	130.01	107.59	115.01	135	150.01	153.6	154.85	150.01	164.91	196	203.17	232.76	247.99	249.99	249.99	249.99	249.99	247.88	196	215.63	172.86	146.61	145.02
150	130.01	103.63	98.835	107.42	150	196	188.28	199.23	200	231.8	247.98	249.99	249.99	249.99	249.99	249.99	249.99	249.8	249.39	249.01	225.01	157.36	160.02
169.99	145.02	144	144	139.65	150	111.44	141.15	175	180.01	219.14	247.99	249.39	249.99	249.99	249.99	249.99	249.99	249.99	249.99	249.99	244.66	170.01	165.03
149.99	127.71	99.997	89.365	95	97.654	89.1	100	150	150	170	187.19	196	223.61	224	237.39	239.57	239.57	227.82	223.99	231.31	194.11	168.26	150
149.99	120	95.006	99.994	149.99	170	165.01	150.01	155.57	174.72	210	245.79	248	249.99	249.99	249.99	249.99	249.99	236.04	224.35	222.3	175.46	152.86	153.74
146.01	135	100	100	120	140.01	149.99	150	155.45	162.62	195.99	238.06	245.62	249.99	249.99	249.99	249.99	249.99	241.76	234.99	232.31	176.51	146.01	149.86
105	79.476	74.999	74.994	75.008	110	123.53	131.27	135	145	149.99	173.17	161.15	189.24	184.3	186.93	170	150	149.99	150	149.99	128.26	109.88	109.26
75.007	70.315	65.007	64.997	69.222	100	74.702	75.007	72.851	85.598	95.009	81.994	75.805	75.732	75.645	75.581	75.441	75.361	75.622	75.907	75.925	68.168	84.998	90.001
65.003	60	56.166	56.224	59.991	66.004	57.551	66.006	72.073	69.116	69.006	64.993	64.994	64.995	64.991	65.699	64.922	63.839	64.062	66.002	69.006	64.389	73.426	64.992
66.707	60.002	56.716	57.8	57.19	58.904	50.003	50.276	54.739	60.785	62.788	64.666	63.94	63.018	62.022	61.564	61.889	60.934	60.784	62.703	63.142	63.86	70.489	61.685
65.003	60.004	53.989	52.767	51.492	50.002	52.274	60.004	91.784	86.169	83.008	91.658	83.008	83.009	92.16	83.007	90.153	96.062	84.99	93.796	93.799	90.517	65.003	60.008
50.001	45.967	45.7	45.639	45.671	45.858	50.001	51.44	65.002	65.01	68.998	79.006	78.998	77.639	79.006	72.72	78.998	81.892	79.002	82.951	79.004	69.997	54.997	49.993
52.35	50.199	49.996	49.99	50.009	58.318	59.125	60.003	60.004	68.297	83.401	91.945	99.844	96.635	92.172	95.191	93.699	85.296	78.299	84.773	73.861	64.131	60.01	60.291
75.127	65.009	65	62.202	65.006	72.288	84.886	96.401	99.67	100	120.31	124.99	126.12	139.29	149.94	149.99	141.48	126.79	102.79	121.95	114.99	83.47	74.992	85.486
105.14	95.014	85.009	85.008	93.424	99.999	96.001	114.98	134.67	133.16	150	150	150	173.12	174.99	185	174.99	161.37	174.99	195	160.74	138.47	95	113.07
164.12	154.38	144.99	144.99	135.66	154.16	140.11	87.506	107.36	116.27	114.99	130.01	131.57	135.01	139.99	145.01	139.99	118.07	110.01	119.75	115.29	126.91	159.97	163.84
124.99	114.57	100	98.163	95.999	90.005	56.008	60.001	63.235	75.029	96.006	105.02	107.78	120.04	110	113.71	109.99	110	95.834	96.52	96.002	84.999	91.999	96.287
105	87.032	77.673	80.002	80.008	80.006	74.01	80.002	85	96.285	124.98	150.01	141.67	135.04	148	151.02	157.08	155.01	147.75	173.8	177.09	115.74	93.006	95.003
75.027	70.329	69.995	72	76.649	104.18	94.75	104.99	123.58	140.01	144.94	141.36	144.84	155	160.67	160.9	159.36	156.95	149.6	147.99	134.86	124.98	105.06	109
97.175	85.732	76.997	75.029	81.104	97.198	86.002	84.999	100.01	113.4	127.63	129.99	129.99	140	152.28	156.38	155.01	139.99	129.98	130.62	130.77	105.31	116.35	109
112.18	102.47	89.991	85.039	96.103	110.59	124.99	112.47	146.65	170.48	192.64	199.07	216.61	221.67	235.18	239.65	237.25	236.22	217.4	220.87	213.55	154.54	127.66	116.45
137.19	127.98	123.56	116.46	121.1	126.1	150.01	160	192.77	195.49	228.77	232.21	244.01	247.98	249.51	249.99	249.99	248.99	240.09	245.78	232.7	188.53	143.94	134.15
117.79	109	100	98.999	100.01	119.79	134.31	147.47	139.35	154.78	200.01	210	220.65	231.9	230.52	233.61	225.01	224.99	210.34	215.84	193.79	131.14	129.01	122.01
95.01	90.006	79.995	79.025	79.021	84.994	69.546	75.005	97.369	124.64	144.47	150	163.81	176.65	184.25	191.86	188.61	178.59	147.33	171.9	145.3	121.04	104.49	94.995
95.002	81.742	72.809	70	69.992	63.094	74.997	70.004	73.936	98.439	134.2	146.3	160	179.52	205.93	216.22	213.8	210.87	195.01	210	196.79	128.27	105.01	95.006
104.99	100	84.369	83.29	85.632	92.991	87.444	108.06	137.3	150.01	196.95	200.02	232.04	243.53	249.99	249.99	249.99	243.44	229.16	229.07	216.43	165.09	135.01	129.01
113.85	100.01	95.003	94.005	95.011	102.01	125.01	141.28	155	172.63	221.3	228.26	242.65	249.32	249.99	249.99	249.99	249.37	242.87	240.6	240.55	200.01	150.01	135.2
115.01	104	90.004	88.468	90.005	112	121.88	141.02	190.01	206.32	249.99	249.99	249.99	250	250	250	250	250	249.99	249.99	249.99	249.99	150.01	131.12
102.7	86.858	79.995	79.993	79.998	102.64	89.984	108.05	123.13	147.7	140.57	140.04	144.99	158.64	168.87	181.94	178.3	162.21	146.81	153.16	135.75	116.19	128.48	110.07
90.007	82.377	79.993	78.441	79.504	84.992	79.371	81.703	83.019	99.156	98.473	103.64	104.22	107.3	113.88	123	112.6	102.27	92.566	107.29	103.18	80.496	79.999	76.74
79.999	75.667	79.992	75.477	79.997	83	57.29	54.34	58.103	73.015	78.101	79.993	77.91	77.384	77.072	76.857	76.894	76.692	79.929	81.5	83.598	74.226	82.001	78.004
76.12	59.999	54.452	52.651	52.439	52.368	53.796	55.983	75.34	89.944	97.57	104.98	100.35	104.98	105.09	113.61	114.99	124.99	137.05	149.98	141.01	114.99	84.996	71.938
62.968	55.16	52.737	52.663	54.311	66.785	60.032	64.593	75.002	92.093	114.68	124.66	127.76	124.31	124.59	125	124.99	126.72	137.06	149.99	131.57	100.01	86.61	79.995
74.494	75.105	66.053	65.549	65.452	79.997	65.965	78.105	80.002	96.276	114.69	125	132.09	143.03	135.83	138.86	135.09	127.49	125	135	119.05	99.006	90.004	82.96
70.008	63.149	56.01	56.004	60.296	79.991	99.858	112.25	110.01	125.15	139.7	139.03	135.01	140.99	148.89	149.63	147.88	139.99	138.32	149.34	135.69	101.06	88.003	75.799
68.054	60.406	56.042	59.156	63.618	79.612	83.207	89.606	89.374	109.31	111.39	108.72	100.29	104.99	105	108.39	105	99.628	99.999	116.93	120.69	88.662	86.364	68.654
78.554	73.492	70.003	67.129	70.001	80.007	86.004	91.943	94.003	98.735	105	96.428	100	99.365	94.002	95.008	94.007	90.006	99.991	100.01	107.47	97.412	92.047	89.991
96.084	93.495	85.009	85.005	85	81.702	65.004	55.652	79.198	81.945	96.707	104	105	101	95.911	95.194	91.993	98.538	101.01	107.5	105	84.657	95.192	86.008
75.37	65.925	61.384	56.659	61.97	65.096	66.92	68.62	79.009	83.437	122.03	125.94	140.24	156.85	156.02	164.55	172.8	180.14	177.4	175.01	163.9	95.185	85.008	74.153
78.882	74.999	78.107	78.891	79.992	88.404	102.9	103.64	104.02	122	166.66	178.36	170.5	187.79	192.01	162.56	193.52	180.26	172.41	183.99	167.1	124.99	112.66	86.008
88.039	80.019	80.016	79.572	79.991	80.018	104.8	115.14	104.99	123.91	143	146.99	141.49	153.68	155.47	150	150.64	140.32	136	149.99	136.01	110	107.67	95.003
99.335	94.827	95.006	80.019	90.701	95.945	122.99	122.99	123	130.83	139.2	139	140.05	144.5	147.54	150	144.35	136	133	138.99	130.73	120	115.06	98.994
111.44	93.008	80.02	80.016	84.873	101.01	129.49	135.29	134.86	143.98	159.51	157.75	157.09	159.99	151.17	150.36	148.48	139	137.71	150	139.99	132.99	121	111
86.434	79.579	76.008	74.992	79.813	93.008	90	115	121	125	134.58	132.76	124.81	124.99	125.78	125	123.48	119.99	124.99	129	125	108	118.26	106.99
81.001	76.008	70.004	66.257	70.007	77.836	77.552	75.531	83.014	99.174	114.97	121.64	116.01	118.14	116.36	113.51	115.38	115	121.22	120.29	124.62	107.69	115	101
81.01	76.007	79.003	79.005	79.998	79.999	79.995	81.016	97.754	106	106	93.261	90.593	100.58	97.035	95.919	100.95	115.22	124.98	124.99	117.7	97.139	92.01	81.012
81.686	77.07	74.266	76.001	79.99	79.995	100.87	104.53	111.33	115.21	126.98	123.99	123.98	124.99	117.64	116.2	116.01	116	120.38	123.98	116	94.612	111	91.662
97.993	81.916	81.911	81.91	81.91	95.992	101.27	103.16	113.11	115.01	120.75	116.13	120.13	121.02	107.65	104.73	101.19	102.54	106.7	116.13	115	101.12	102.73	84.999
92.993	79.997	79.47	79.231	79.992	85.997	86.272	100.61	108.61	108.98	113.8	109.45	108.43	109.05	101.64	98.694	95.356	94.153	101.62	111.25	104.99	82.249	97.732	80.505
94.205	80.704	76.604	79.99	79.995	90.812	84.866	99.629	89.994	90.993	94.994	84.42	85.595	85.938	85.406	85.405	84.665	82.541	89.151	102.66	86.839	79.993	97.004	83.003
92.293	87.509	79.995	75.109	79.164	87.811	89.008	90.655	84.005	84.005	89.524	90.695	91.975	94.806	86.765	82.385	81.469	79.51	84.003	84.998	80.545	80.008	90.008	80.007
97.715	93.099	79.999	76.096	76.003	80	74.993	76.039	78.99	79.238	84.003	81.995	75.915	76.044	75.99	75.888	76.039	77.994	82	87.572	90.014	82.013	100.19	87.806
88.498	85.161	80.002	79.493	74.969	72.508	79.998	83.149	84.998	85.16	85.019	87.179	85.485	86.628	89.874	88.69	89.206	90.009	102.62	121.84	110.76	101.99	103.84	84.997
84.348	83.143	77.913	75.819	82.13	106.99	101.99	104.6	105.45	102.75	120.28	117.44	108.47	111.9	111.57	110.65	111.99	109.89	115.73	125	112	104.99	104.17	85.003
79.997	77.112	73.008	73.007	77.496	98.606	103.79	102.18	104.98	111.46	107.73	115	117.5	121.81	122.08	120	122.19	115	115.54	125	122.18	98.992	105.17	83.904
85.007	85.003	83.143	82.773	83.141	98.61	107.74	107.6	112.36	110	117.01	115.21	115	118.01	118.99	117.56	110.55	105.8	116.86	133.56	114.99	85.775	99.994	95.969
85.168	84.004	82.131	76.003	79.995	102.69	118.78	111.27	113.43	111.83	117.42	124.58	122.95	128.99	131.07	127.97	124.16	109.7	122.44	143.57	129.72	100.04	100.99	96.003
77.003	76.007	75.751	75.052	75.758	92.734	115.18	114.99	112.52	110.99	113.58	114.69	112.76	117.32	119.57	111.23	108.83	99.998	104.43	109.04	109.86	104.27	103.84	99.993
95.001	85.979	85.113	82.772	75.759	77.695	83.756	85.634	89.993	93.654	96.968	95.225	92.895	82.902	79.995	77.003	76.099	76.912	88.528	90.93	90.669	84.999	95.548	76.009
77.009	77.002	76.008	77	76.006	76.963	91.504	98.912	100.01	100.01	103.39	102	99.037	90.052	88.687	85.178	87.817	94.991	114.99	113.79	102	83.012	77.009	72.137
75.066	77.001	74.009	74.006	77.006	91.501	109.52	113.51	108.85	107.04	118.44	114.99	109.65	104.68	101.99	94.201	88.326	86.646	110	117.58	108.03	85.001	98.007	80.006
101.43	97.933	93.643	94.026	103.99	108.19	116.91	122.04	112.25	107.94	121.88	106.99	106	105	106.85	102.64	100.72	102.02	111.64	123.91	111.37	89.999	107.99	95.018
89.996	83.302	78.003	76.164	79.998	93.191	111.3	124.21	118.14	111.64	108.6	107.94	107	103.99	104.6	95.009	94.815	89.994	106.99	117.49	103.75	91.431	106.17	93.004
88.847	84.308	80.013	78.069	84.138	94.196	110	119.3	116.09	110.96	115.59	104	97.99	97.791	101.27	93.998	90.508	86	109.36	110.03	102.08	84.255	107.17	87.556
96.906	87.443	84.996	84.992	86.001	95.206	104.98	121.33	118.84	108.58	104.98	96.005	85.465	86.002	89.211	78.376	77.902	80.003	86.008	92.064	88.936	86.74	108.17	96.661
100.86	100.01	100	95.613	95.452	95.453	89.995	69.631	76.133	95.454	95.505	86.009	80.004	84.196	83.121	78.713	83	86.069	94.514	92.287	93.051	84.765	95.195	97.666
95.003	91.5	86.484	84.359	85.028	93.305	99.006	94.177	99.005	110	112	107.19	99.01	99.007	101.38	105.85	112	119.41	123.21	123.21	115.98	109.79	105.01	99.21
90.306	88.083	80.001	85.346	88.087	94.309	104.98	109.42	106.87	99.001	104.99	104.99	95.503	86.221	94.325	90.006	94.549	105	112.96	109.97	104.99	96.41	106.01	104.58
85.329	79.567	77.788	78.76	83.103	90.001	96.004	107.75	96.009	99.358	95.306	92.796	85.952	85.008	86.005	81.009	86.009	97.159	110.61	109.99	109.89	85.689	103.98	86.007
88.028	88.886	78.01	80.004	88.886	95.914	99.005	104.85	103.99	106.58	107.98	99.997	99.004	99.005	99.003	99.002	104.55	113.99	120	126.58	134.83	99.005	95.539	81.584
81.035	80.35	76.002	75.863	78.901	85.912	78.463	85.076	82.317	79.765	83.784	85.596	84.886	86.002	86.291	83.852	82.534	91.062	94.603	87.665	93.375	74.995	86	81.585
86.626	89.991	87.308	86.084	90.012	85.114	95.933	97.002	96.007	89.009	107.99	100.93	103.28	100.54	102.64	97.001	97.031	120.01	124.61	117.67	119.08	89.999	86.006	86.591
107.99	105.35	101	100.86	103.94	99.002	85.006	96.009	103.14	97.005	96.008	87.999	87.998	87.999	87.992	86.005	92.995	109.98	120	110	104.89	94.219	103.99	103.99
97.912	90.334	90	90.005	90.015	90.018	88.883	99.101	117.98	117.99	120	118.01	117.99	117.99	103.99	103.98	113.94	134.98	139.04	131.45	131.82	110.02	95.003	90.006
94.38	92.418	90.019	93.64	99.006	110.28	107.99	124.1	122.99	117.98	117.99	115	114.76	117.66	107.99	107.99	117.98	141.67	150	143.41	133.17	111.27	116.18	103.99
99.003	94.997	88.884	90.653	99.004	116.28	112.98	110	104.98	104.98	106.67	104.99	104.98	110	108.12	103.11	104.3	119.77	130.34	117.55	114.54	104.98	109.98	97.845
92.31	88.883	79.987	80.421	95	108.18	138.87	138.22	138.6	139.99	130.15	129.49	120	126	120	119.99	120.01	150.77	161.73	147.55	129.99	114.37	110.47	98.854
86.624	78.014	74.608	76.005	81.994	99.642	150.01	133.41	135.26	133.25	125	125	125.73	125.01	120.06	123.33	125	170.78	176.73	157.56	146.07	127.91	104.95	80.305
88.804	82.931	79.98	80.01	88.381	110	140.51	128.11	127.04	124.98	128.75	130.56	134.68	134.98	130.97	125	130.01	171.17	178.17	140.96	125.87	129.84	105.96	93.502
100.01	96.065	93.033	93.035	98.382	99.983	102.43	111.44	116.52	116.9	125.44	120.57	121.99	116.14	108.08	101.25	112.71	137.75	146.91	127.9	124.46	125.76	116.99	110
102.76	101.87	101.85	97.247	97.079	100	125.38	131.45	137.49	138.4	146.58	140.57	135.63	130.53	130.52	130.53	149.04	200	201.51	192.27	186.57	175.76	127.17	120.01
99.987	99.933	99.065	99.987	100.01	122.45	180.46	190.01	190	190	190.01	180.01	180	175.2	162.67	162.66	175.7	211.99	207.4	207.02	180	180	137.18	129.2
115	114.42	109.96	112.06	129.99	140	177.23	184.25	183.59	175.01	179.98	179.98	175.01	175.01	163.33	160	175.01	199.58	218.9	192.03	169.99	165.01	137.27	119.42
153.98	146	135.06	145	157.63	170.01	200.01	209.76	213	214.73	219.91	209.79	210	212.23	205.15	207.59	217.17	233.53	239.25	227.35	216.67	218.06	164.81	156.26
181.29	186	175	175.01	190	208.98	249.99	249.99	247.99	248.7	247.98	246.59	240.48	235	234.99	234.99	247.98	249.99	249.99	247.98	249.66	248.29	201.43	189.65
192.36	179.99	188.39	180.11	192.97	225.01	241.72	240.67	231.07	241.85	240.93	218.93	210.01	205.01	195.01	210.01	219.01	248.54	246.99	232.06	223.3	234.54	209.01	197.3
181.53	180.01	178.22	180.84	184.21	180.02	172.78	180.02	179.02	181.79	187.99	180.01	177.32	178.07	169.15	157.52	192.24	210.01	200	192.31	190.54	192.71	182.81	169.65
171.91	170	168.84	170	172.55	169.99	169.48	171.82	182.9	169.99	164.31	164.99	164.42	163.88	159.02	164.99	175	209.2	229.78	206.64	205.39	187.72	174.19	169.99
167.74	152.01	152.01	164.22	169.9	198.98	210.46	212.01	208.76	199.35	198.98	184.84	177.38	176.91	175	173	193.63	240.58	237.85	231.47	206.84	198.98	198.99	179.97
192.74	192.15	189.33	189.39	195.16	209.6	220.01	215	210.6	204.18	204.16	200.01	200.01	199.79	196.72	198.31	210	220	241.57	219.84	214.91	213.07	203.99	192
182.65	179.56	175	179.47	190	195	200.19	200.25	197.52	191.29	195	185.59	171.14	174.61	170.15	174.02	195	229.99	225.01	199.96	200.86	210.02	199.02	185.67
240.02	200	186.82	190.74	202.53	240.02	237.5	247.02	249.03	249.99	249.99	249.99	249.03	248.01	231.68	226.22	241.43	246.4	244.85	230.87	240.92	241.8	249.03	237.5
165.72	138.09	151.74	154.92	182.79	196.99	248	229.99	235	248.01	249.03	244.49	243.37	238.01	235	235	235.37	249.99	249.99	234.74	235.01	249.99	244.35	219.92
225.87	200	186.95	181.49	193.59	216.67	199.99	208.47	241.3	249.03	249.99	249.98	246.4	242.07	226.53	235.01	249.99	249.99	249.99	249.99	249.99	249.99	248.01	239.25
242.55	222.15	199.83	186.12	192	208.01	210.02	227.32	248.01	249.99	249.99	249.99	249.03	249.03	249.02	248.01	249.99	249.99	249.99	249.99	249.99	249.99	248	241.15
244.37	229.99	229.98	220.54	248.99	249.99	249.99	249.99	249.99	249.99	249.99	249.99	249.99	249.99	249.99	249.99	249.99	249.99	249.99	249.99	249.99	249.99	248.98	249.03
193.27	181.89	175.43	178.61	199.34	234.14	249.99	249.99	249.99	249.99	249.99	249.99	249.99	249.99	249.99	249.99	249.99	249.99	249.99	249.99	249.99	249.99	249.99	248.01
186.95	180.91	175.93	185	188.68	244.99	249.99	249.99	249.99	249.99	249.99	249.99	249.99	249.99	249.99	249.99	249.99	249.99	249.99	249.99	249.99	249.99	205.22	190.02
190.01	185.01	170.36	170.36	188	249.99	249.99	249.99	249.98	249.98	249.98	249.98	249.98	249.79	249.98	248.67	249.98	249.99	249.99	249.99	249.99	239.22	225.67	207.01
210.01	200	195.01	195	200.01	249.99	249.99	249.99	249.99	249.99	249.99	249.99	249.99	249.99	249.99	249.99	249.99	249.99	249.99	249.99	249.99	249.99	249.99	246.66
208.01	199.99	191.15	189.87	200	220	211.01	229.23	249.99	249.99	249.98	249.85	237.5	222.01	202.32	183.18	237.49	249.99	249.99	249.98	249.57	244.28	247.07	242.93
200.01	198.01	175.01	164.78	185.03	199.98	212.02	203.39	249.96	249.38	249.78	249.67	243.93	240.66	231.04	219.99	249.12	249.99	249.99	249.99	249.96	249.27	248.44	242.91
211.37	200	199.97	194.4	200.7	249.99	249.99	249.99	249.99	249.99	249.99	249.99	249.99	249.99	249.99	249.99	249.99	249.99	249.99	249.99	249.99	249.99	249.99	249.99
249.99	249.99	249.99	249.99	249.99	249.99	250	249.99	249.99	249.99	249.99	249.99	249.99	249.99	249.99	249.99	249.99	250	250	250	250	249.99	249.99	249.99
249.99	249.99	249.99	249.99	249.99	250	250	250	250	250	250	250	250	250	250	250	250	250	250	250	250	250	249.99	249.99
250	250	250	250	250	250	250	250	250	250	250	250	250	250	250	250	250	250	250	250	250	250	250	250
250	250	250	250	250	250	250.01	250	250	250	250	250	250	250	250	250	250.01	250	250	250	250.01	250.01	250.01	250
251	251	251	251.01	250.01	250.76	250	250	250	250	250	250.01	251	251	250	251	251	251	250.01	250	250.01	265	275.01	275.01
320.65	315.74	301.27	295.01	295.01	295.01	255	255.57	250	259.99	276.22	291.3	295	281.06	276.22	276.21	269.28	295	295.01	295.01	295	295	295.01	288.83
489.05	480.95	479.34	490.36	501	501.01	821.81	791.01	738	649.99	637.99	625	625	628.07	590.47	590.47	629.63	629.2	619.43	626.11	619.33	625	501.01	496.24
644.58	626.81	626.8	642.43	718.82	750.01	1099.5	986.53	967.28	968.07	997.93	1021	999.88	962.49	996.05	989.57	952.02	1000.3	957.34	926.34	983.16	1021	750.7	720.32
477.42	475.11	478.92	492.71	751.6	1222.2	1500	1500	1500	1356.1	1359.6	1358.5	1362.4	1384.7	1301.5	1307.3	1385.2	1500	1500	1500	1340	1352.8	500	497.41
540.7	522.85	524.52	556.56	607.26	661.41	667.44	559.05	556.59	588.45	605.52	598.07	578.4	559.64	559.88	567.11	598.77	602.41	592.53	589.86	611.88	584.28	599.78	587.21
460.92	440.63	429.35	468.21	524	542.63	565.41	524.28	481.41	502.41	500.25	500.01	499.22	488.8	460.11	449.35	500	500.05	502.38	500.01	500.01	500.01	492.23	506.55
431.13	418.63	405.28	431.56	466.35	463.74	349.99	351	367.61	449.53	436.82	451.76	437.01	401.49	388.05	390.07	544.59	542.46	500	478.04	500	500.01	455.86	412.44
351	343.5	327.9	320.73	326.66	335.53	249.99	248.79	279.77	320.85	340.69	339.6	342.49	332.83	328.94	330.61	343.59	413.13	396	387.52	407.58	413.74	351	351
351	346.29	342.26	351	353.16	357.92	489.8	385.46	365.51	411.17	405.21	413.59	402.96	405.14	381.53	366.44	361.77	495.77	500	500	500	492.28	351	351.01
379.2	366.2	351.01	368.38	379.79	393.73	500.01	405.15	351.01	387.67	381.56	390.84	386.02	380.58	367.55	365.09	376.94	500	500	500	483.91	449.31	351	351.01
1148.2	1090.8	1063.2	500.01	1500	1500	1123.7	1171	933.75	1138.9	1208.5	1184.6	1169.7	1146.4	1117.9	1058	1144.4	667.51	624.49	568.12	529.12	500.01	1051	776.89
305.48	295.4	282.05	293.1	322.41	365.45	352.5	369.87	348.95	348.82	350.34	349.99	344.96	338.6	331.03	329.36	342.99	374.95	374.95	350	343.18	331.54	328.39	309.8
264.52	258.86	254	259.63	282.98	295.06	308.34	294.35	289.27	299.92	306.94	302.91	298.52	297.87	287.41	284.01	278.32	307.48	303.47	287.69	284.01	286.89	313.59	283.75
256.16	254	250.42	250.18	254	258.63	249.99	230.76	249.99	254	254	253.99	250	249.99	234.13	225.56	249.99	253.99	254	250	269.24	283.96	283.52	260.88
244.23	224.35	206.24	204.82	228.04	226.09	207.87	207.87	234.77	248.79	249.99	244.99	239.2	230.58	216.89	212.28	233.69	249.99	250	250	259.42	267.85	256.16	249.99
229.78	229.23	192.16	196.76	228.35	249.99	200	199.48	229.5	231.32	232.51	243.5	232.87	230.15	199.75	198.66	225	246.02	245.55	249.99	250	267.06	267.6	250
260.62	250	249.99	249.99	250	287.28	361.37	349.51	321.99	349.89	348.15	345.5	339.19	333.61	326.81	319.38	356.01	322.31	313.7	322.25	372.12	363.38	311.32	288.08
250	249.99	237.25	243.06	249.99	255.94	253.34	263.2	281.37	317.09	304.01	304	302.98	299.23	288.13	272.4	250	305.12	301.9	281.91	290.53	285.09	278.45	270.01
274.5	258.36	243.53	248.4	270	276.13	261.13	266.43	271.49	302.73	284.47	288.42	308.36	304	288.31	276.08	303.49	304	302.85	272.17	289.68	313	304.72	304.05
296.45	271.2	250.85	266.38	285.38	298.77	300.02	294.37	254	300.02	301.58	300.01	270.11	259.74	251.1	238.66	246.66	297.17	289.22	291.34	247.68	252.75	297.26	290.01
272.94	245.58	222	217.93	216.01	211.22	147.34	157.03	194.37	209.64	195	189.77	192.29	166.44	134.5	131.99	159.04	195	193.33	171.76	204.91	263.66	292.01	301.66
241.25	223.09	206.95	202.31	208.23	212.35	181.11	194.13	215.77	217.31	210.02	205.48	207	199.66	182.26	172.83	208.11	263.73	259.5	248.75	262.61	251.79	266.23	246.71